# Seed:      29550
#
#   a      e        i        node     peri     Manom      resamp       q        r        M      m_rand H_rand color flag delta    m_int   H_int eff   RA(H)     DEC    delta_ra delt_dec Surv.  Comments
#
# flag: >0: detected; >2: characterized; 0 mod(2): tracked
# Survey: name of the block
# delta_ra: distance from center of pointing [arcsec]
# delt_dec: distance from center of pointing [arcsec]
#
  62.738  0.342    5.699       3.8     104.3     297.6     34.4   41.286   58.926  299.507   24.812   7.03  0.00  4   57.998   24.634   6.85 0.49  0.50259   3.7161  1.87313 -0.76126 2015BT.eff res
  63.582  0.341   23.183      41.8     283.9      46.0     50.7   41.896   51.612   40.210   23.532   6.39  0.51  4   50.628   23.120   5.98 0.78  2.55931  14.5965  2.46208 -0.62920 L4v-smooth res
  63.534  0.383    6.216     231.6     326.4      19.0     27.4   39.197   40.767   12.931   23.946   7.79  0.50  4   39.789   23.329   7.17 0.64 15.03968 -17.5625  2.74432  0.87661 L4k-smooth res
  62.612  0.398   14.629     226.5     180.8     354.2    127.4   37.712   38.178  353.308   24.129   8.32  0.00  4   37.187   24.102   8.29 0.77  1.82521  15.6452  2.98185 -1.33802 ma11la.eff res
  63.583  0.412   30.719     231.3     129.1      18.8     21.1   37.361   41.871   20.865   24.259   8.03  0.00  4   40.888   24.270   8.04 0.83  3.27023  18.1145  2.89899 -1.11460 2015BD.eff res
  62.854  0.406    3.075     149.8       1.9     304.7    170.0   37.346   56.604  306.719   24.415   6.86  0.00  4   55.624   24.409   6.86 0.68  3.33336  15.1706  2.23648 -0.61440 2015BC.eff res
  63.278  0.386    5.801     161.5      98.2     347.8     33.4   38.863   39.925  349.497   24.386   8.35  0.00  4   38.922   24.319   8.29 0.75 15.55180 -13.3056  2.95671  0.71659 2015AM.eff res
  62.928  0.422   24.529      24.5     306.2      25.6     31.9   36.385   42.725   24.753   24.366   8.07  0.00  4   41.731   24.383   8.09 0.67  1.80759  13.9982  2.90754 -0.84261 ma11la.eff res
  62.877  0.381   19.886     311.5     128.3      25.2    136.4   38.896   42.713   20.952   23.074   6.74  0.23  4   41.741   22.875   6.54 0.80  8.69871  19.7887  2.93259  0.58594 L7a-smooth res
  63.413  0.500    5.434     253.8      41.2      35.9    141.8   31.712   48.830   37.182   24.730   7.85  0.00  2   47.837   24.663   7.78 0.30  1.64637  14.5281  2.47657 -0.99909 2014BH.eff res
  63.246  0.352    7.542     122.7      37.1      38.9     23.1   40.960   51.315   40.574   24.933   7.81  0.00  2   50.311   24.861   7.74 0.32 15.74798 -12.6157  2.42219  0.51523 2015AM.eff res
  62.604  0.392   17.211     356.9     289.7      38.0     19.4   38.063   50.073   39.991   24.912   7.84  0.00  4   49.137   24.895   7.82 0.74  0.40265   6.2514  2.25524 -0.76722 2015BS.eff res
  63.059  0.435   25.235     317.6     353.8      27.2     39.1   35.622   41.756   23.356   23.313   7.01  0.00  4   40.832   23.175   6.88 0.47 23.91372  21.6614  2.83718 -0.88153 HL7s-smoot res
  63.306  0.405   10.917     100.0     135.1       0.1     20.5   37.660   37.658    0.320   22.705   6.91  0.00  4   36.670   22.721   6.92 0.78 15.74860 -11.8389  3.09327  0.69060 2013AO.eff res
  63.538  0.404   20.684      59.5      12.9     349.8     32.2   37.874   38.594  351.823   24.767   8.87  0.00  4   37.615   24.895   9.00 0.42  3.38137  15.6008  3.18431 -0.58973 2015BC.eff res
  63.156  0.454    4.950     339.2     110.3     339.1    128.1   34.477   40.457  338.233   24.290   8.23  0.00  4   39.466   24.260   8.19 0.72  1.83643  15.6147  2.91881 -1.07617 ma11la.eff res
  62.749  0.422   20.940     230.4     344.9      13.1    127.3   36.283   36.841    6.850   22.809   7.07  0.44  4   35.885   22.280   6.54 0.85 15.45558 -17.5879  2.94365  1.07129 L4j-smooth res
  63.066  0.391   13.112      44.7     319.1      21.1     16.3   38.386   40.624   15.270   23.850   7.75  0.30  4   39.641   23.451   7.35 0.70  2.54193  13.9070  2.97439 -0.81070 L4v-smooth res
  63.566  0.422   10.154      60.1     278.6      28.4     37.3   36.725   45.776   30.379   24.477   7.86  0.00  4   44.790   24.436   7.82 0.80  3.17167  15.7274  2.72872 -0.67527 2015BD.eff res
  62.895  0.370    1.790     349.0     298.1      41.9     37.3   39.600   52.202   43.832   24.801   7.53  0.00  4   51.297   24.844   7.57 0.50  0.68726   5.1782  2.01702 -0.82910 2015BT.eff res
  62.643  0.345   15.816     219.5     158.9       3.4     31.7   41.046   41.211    4.669   24.157   8.02  0.00  4   40.217   24.064   7.93 0.75  1.72020  13.9391  2.78911 -1.26355 2014BH.eff res
  63.088  0.377    7.315      73.3     261.8      33.4     41.1   39.275   48.633   35.447   24.991   8.11  0.00  2   47.647   24.940   8.06 0.15  3.10162  14.1312  2.56802 -0.68771 2015BC.eff res
  63.529  0.444   11.283      90.3     206.7     333.7     43.7   35.304   42.372  335.406   24.574   8.28  0.00  4   41.371   24.728   8.43 0.68 15.60132 -12.3671  2.87475  0.56477 2015AM.eff res
  63.228  0.368   17.921     272.5     100.4       8.6     26.3   39.957   40.579    8.416   22.679   6.53  0.00  4   39.626   22.655   6.51 0.87  1.69205  27.5713  2.83343 -1.15373 ma12ha.eff res
  62.992  0.381   16.074     215.2     136.7      13.9     35.2   38.981   41.073   15.184   23.747   7.63  0.00  4   40.078   24.084   7.97 0.84  1.64805  12.6824  2.79712 -1.28405 2014BH.eff res
  63.212  0.437   14.764     225.5     203.0     347.1     32.0   35.585   37.961  346.235   22.290   6.51  0.00  4   36.969   22.298   6.51 0.90  1.87155  15.5025  3.01233 -1.33902 ma11la.eff res
  63.273  0.476    5.126      61.7      53.0     334.7     31.5   33.147   40.602  336.770   25.035   8.94  0.00  4   39.616   25.159   9.07 0.54  3.21252  16.8201  3.01288 -0.77669 2015BD.eff res
  63.183  0.350   28.144     225.7     248.7     326.4     45.9   41.080   47.835  328.394   24.106   7.29  0.00  4   46.851   24.151   7.34 0.84  3.28485  15.3248  2.57750 -0.94838 2015BD.eff res
  63.243  0.453    2.352     242.6     321.7      14.5     26.4   34.596   35.576    8.295   23.339   7.77  0.73  4   34.599   22.631   7.06 0.79 15.02791 -17.7737  3.08529  0.94407 L4k-smooth res
  62.808  0.331    8.876     189.3      64.8     353.2     27.1   42.031   42.324  353.502   24.242   7.92  0.00  4   41.346   24.192   7.87 0.59 15.98217 -13.3166  2.72994  0.72794 2013AO.eff res
  63.390  0.438   16.619      81.0     117.5      10.9     24.3   35.639   37.652   12.571   23.540   7.75  0.00  4   36.654   23.538   7.75 0.83 15.56377 -11.0379  3.19239  0.53222 2015AM.eff res
  62.793  0.363    9.539     173.7      52.0       1.8     34.0   39.976   40.083    3.498   23.966   7.90  0.00  4   39.088   24.020   7.96 0.80 15.53684 -10.3886  2.93401  0.73313 2015AM.eff res
  63.438  0.355    9.453     113.9     123.7       0.9     36.8   40.887   40.895    1.145   24.662   8.49  0.00  2   39.920   24.469   8.29 0.15 16.02812 -12.7092  2.82627  0.62472 2013AO.eff res
  63.422  0.375   16.355      25.9     117.9      26.2     44.4   39.617   45.832   27.864   23.789   7.21  0.00  4   44.830   23.796   7.21 0.82 13.48398  -8.6229  2.63718  0.88455 2015AP.eff res
  62.981  0.351    8.236     103.2     114.7       6.2     19.5   40.874   41.367    7.882   25.035   8.85  0.00  2   40.363   25.149   8.97 0.21 15.64109 -13.0375  2.89742  0.59840 2015AM.eff res
  62.625  0.427    7.535     217.1     106.5      41.5     35.1   35.862   47.589   35.569   23.994   7.22  0.72  3   46.601   23.425   6.65 0.65  2.74108  15.0291  2.57830 -0.87109 L4v-smooth res
  62.852  0.355   22.946      50.3     287.9      33.6     38.3   40.569   48.994   35.646   24.529   7.62  0.00  4   48.007   24.728   7.82 0.62  3.07881  16.4708  2.61633 -0.56414 2015BC.eff res
  62.925  0.536    8.834     134.0     134.1     352.6     32.9   29.223   30.383  352.899   23.301   8.41  0.00  4   29.413   23.252   8.36 0.73 16.09322 -11.9512  3.61644  0.85247 2013AO.eff res
  63.310  0.473    7.255     198.4      94.0     339.2     35.9   33.386   38.624  340.895   24.457   8.59  0.00  4   37.616   24.327   8.46 0.73 15.74994 -14.9918  3.08023  0.76278 2015AM.eff res
  63.256  0.476   28.954     213.2     101.3      24.1    128.4   33.149   41.810   25.440   24.390   8.17  0.00  4   40.820   24.609   8.39 0.63  1.40471  13.9967  2.75522 -1.44596 2014BH.eff res
  63.241  0.406    2.752     128.2     239.7      15.9     42.6   37.547   40.839   17.931   24.219   8.08  0.00  4   39.860   24.200   8.06 0.75  3.35983  15.6389  2.94408 -0.78985 2015BC.eff res
  62.918  0.337    9.628     191.3     357.5       5.0     51.8   41.686   42.012    6.653   25.313   9.10  0.00  2   41.010   25.438   9.23 0.03 13.45612  -7.0256  2.71375  1.19362 2015AP.eff res
  62.951  0.408    9.517       6.3      17.2       3.0     34.7   37.293   37.350    2.187   24.233   8.52  0.00  4   36.357   24.194   8.48 0.74  1.69378  14.5939  3.12132 -1.08883 ma11la.eff res
  62.910  0.445   14.394     203.3     358.0      13.0     36.0   34.906   37.213   13.290   23.292   7.54  0.00  4   36.229   23.236   7.48 0.73 15.81928 -11.4250  3.08073  0.95961 2013AO.eff res
  62.870  0.476   19.578      15.0     349.5       4.8    149.0   32.949   33.558    6.118   23.499   8.24  0.00  4   32.569   23.849   8.59 0.87  1.34973  11.7976  3.48754 -1.09662 2014BH.eff res
  62.940  0.414   14.178      23.3      11.5       0.4     29.2   36.897   36.903   -0.476   23.342   7.69  0.00  4   35.910   23.359   7.71 0.85  2.01095  15.0332  3.22090 -0.97390 ma11la.eff res
  63.343  0.358    3.283     203.1       7.4      15.7     44.9   40.650   41.401    9.543   23.862   7.63  0.53  4   40.437   23.392   7.16 0.53 15.34514 -16.7459  2.70201  0.77787 L4j-smooth res
  63.203  0.332   16.101     197.4     101.6      35.8     42.8   42.189   50.543   37.759   25.145   8.02  0.00  4   49.621   25.372   8.25 0.59  0.55562   6.0797  2.08587 -0.97602 2015BS.eff res
  63.038  0.337    0.421      95.6     259.1      26.0     30.2   41.786   46.902   28.040   25.163   8.44  0.00  2   45.916   25.256   8.53 0.40  3.19475  17.5201  2.62637 -0.72506 2015BD.eff res
  63.342  0.368   21.338     217.5     164.0       5.5     26.9   40.008   40.200    4.606   23.995   7.97  0.00  4   39.206   24.116   8.09 0.80  1.97531  14.2212  2.86309 -1.32122 ma11la.eff res
  62.624  0.358   30.086     194.0     197.1     353.5     44.6   40.233   40.520  354.081   23.987   7.83  0.00  4   39.593   24.252   8.09 0.74  1.07383   4.7899  2.56714 -1.38044 2013BL.eff res
  63.522  0.443   10.750      90.9     207.5     332.8     46.9   35.373   42.848  334.496   24.553   8.21  0.00  4   41.847   24.553   8.21 0.69 15.57407 -12.4616  2.84314  0.57024 2015AM.eff res
  62.857  0.379   19.204      45.1      19.0     357.8     10.2   39.019   39.616  351.966   22.848   6.89  0.45  4   38.627   22.507   6.55 0.86  2.83315  16.3041  3.11978 -0.71326 L4v-smooth res
  62.609  0.447   15.262      16.4     277.4      31.8     25.1   34.611   45.707   32.438   24.419   7.72  0.00  4   44.817   24.361   7.66 0.44  0.71555   3.1753  2.32347 -0.80244 2013BL.eff res
  63.146  0.413   12.142     198.2     180.9     354.4     51.3   37.083   37.236  356.308   23.928   8.12  0.00  4   36.315   23.940   8.13 0.87  0.58048   5.8098  2.66202 -1.26104 2015BS.eff res
  62.639  0.424   31.073     190.9     157.0      10.2     40.7   36.066   37.437   10.780   24.175   8.35  0.00  4   36.520   23.961   8.14 0.67  1.01054   3.2006  2.71939 -1.47179 2013BL.eff res
  63.384  0.382   12.175      13.8      72.0     337.4     41.0   39.144   43.897  336.546   24.870   8.45  0.00  1   42.906   24.988   8.57 0.10  1.94902  16.3656  2.75833 -0.90272 ma11la.eff res
  63.363  0.416   13.556     200.7      18.1       9.2     50.5   37.010   38.029    9.432   23.959   8.09  0.00  4   37.067   23.930   8.06 0.66 16.19565 -11.5427  2.94421  0.86426 2013AO.eff res
  63.185  0.388   11.165     209.9      61.1     343.8     37.4   38.649   40.659  345.474   24.838   8.74  0.00  4   39.653   25.078   8.98 0.44 15.64974 -14.2709  2.91341  0.79107 2015AM.eff res
  63.428  0.410    4.499     262.2     107.8       9.4     15.6   37.441   38.260    8.559   22.643   6.83  0.00  4   37.268   22.589   6.77 0.89  1.91555  15.5528  3.01810 -1.17146 ma11la.eff res
  63.113  0.338    8.097      23.3      28.6     351.9     32.7   41.765   42.358  351.025   24.346   8.09  0.00  4   41.365   24.427   8.17 0.68  2.00477  13.7094  2.81685 -0.93753 ma11la.eff res
  63.464  0.488    4.771       3.0      84.2     342.6     37.0   32.479   37.747  341.707   23.872   8.12  0.00  4   36.754   23.938   8.19 0.81  1.94520  14.4888  3.11792 -1.09578 ma11la.eff res
  63.250  0.410    3.905      81.8     282.4      16.6     25.2   37.324   40.927   18.634   23.950   7.82  0.00  4   39.942   24.098   7.97 0.85  3.22006  15.7525  2.96539 -0.78675 2015BD.eff res
  62.917  0.394    5.010      50.6      46.2     339.5     37.9   38.157   41.376  341.566   24.287   8.09  0.00  4   40.400   24.412   8.21 0.73  3.39893  18.8561  2.92105 -0.69476 2015BC.eff res
  63.325  0.382   17.565     226.5     172.5       3.6     53.6   39.120   39.422    5.645   23.721   7.74  0.00  4   38.444   23.762   7.78 0.84  3.37356  16.5757  2.99461 -1.02308 2015BC.eff res
  63.566  0.485   44.286     153.0      49.8      20.9     28.2   32.735   37.586   17.607   23.083   7.14  0.00  4   36.937   23.102   7.16 0.71 17.55514  20.6591  2.65818  1.33999 HL8l-smoot res
  62.997  0.318   10.980     184.1     106.2      41.3     35.5   42.961   52.620   43.228   24.664   7.38  0.00  4   51.682   24.665   7.38 0.57  0.43138   2.2881  2.03863 -0.97070 2015BT.eff res
  62.733  0.423   27.370     357.6      48.0     357.2    133.3   36.220   36.329  357.028   24.206   8.53  0.00  4   35.386   24.232   8.55 0.73  1.69525  29.4702  3.31919 -0.87362 ma12ha.eff res
  62.929  0.430   10.891      20.2      28.7     351.7     45.4   35.855   36.474  352.957   23.056   7.46  0.00  4   35.479   22.977   7.38 0.89  1.77515  12.9276  3.21783 -1.06169 2014BH.eff res
  62.824  0.376    7.730      68.3       7.6     347.0     16.7   39.178   40.254  349.063   24.140   8.08  0.00  4   39.270   24.135   8.08 0.84  3.26032  15.5687  3.01266 -0.74151 2015BD.eff res
  62.934  0.392   20.498      24.7      47.9     340.6     40.5   38.245   41.341  341.892   24.239   8.10  0.00  4   40.346   24.373   8.23 0.71  1.78281  12.9976  2.95672 -0.88251 2014BH.eff res
  63.450  0.387    4.528     254.0     109.0       9.5     37.6   38.920   40.043   10.786   23.419   7.41  0.00  4   39.049   23.378   7.36 0.88  1.72161  14.2143  2.89080 -1.15385 2014BH.eff res
  63.577  0.440    9.276      90.5     195.5     338.5     36.7   35.633   40.355  340.216   24.106   8.03  0.00  4   39.352   24.166   8.09 0.79 15.55893 -13.3890  2.97939  0.61097 2015AM.eff res
  63.037  0.328    9.490     225.7     144.3       6.3     26.0   42.349   42.751    7.638   24.205   7.90  0.00  4   41.758   24.337   8.03 0.73  1.53510  13.1444  2.69486 -1.17845 2014BH.eff res
  63.556  0.356    4.505      49.1     153.6      20.4     18.2   40.948   42.570   14.254   25.124   8.80  0.50  2   41.572   23.916   7.60 0.00 15.41257 -19.0688  2.76623  0.66586 L4k-smooth res
  62.996  0.383   20.995       7.1     286.2      35.6     38.4   38.881   49.364   37.495   24.520   7.50  0.00  4   48.449   24.679   7.65 0.61  0.59621   4.9632  2.22921 -0.75243 2015BT.eff res
  63.565  0.333   11.896     223.2     159.8      10.6     23.5   42.395   43.511   12.595   24.822   8.43  0.00  4   42.524   25.123   8.74 0.71  3.14066  16.3032  2.76961 -0.91241 2015BD.eff res
  62.843  0.341   18.418     271.9     121.3       0.3     40.5   41.385   41.388    0.146   23.476   7.24  0.00  4   40.437   23.454   7.22 0.82  1.78706  28.1937  2.78884 -1.11958 ma12ha.eff res
  62.656  0.448    1.459     187.0     336.5      18.9     37.7   34.610   39.143   19.057   22.606   6.62  0.00  4   38.178   22.649   6.66 0.82 14.20804 -12.5880  2.82695  1.02960 2013AE.eff res
  62.981  0.378    4.969      66.2     348.2     356.2     20.2   39.189   39.215  358.232   25.122   9.18  0.00  4   38.230   25.294   9.35 0.45  3.22262  16.4862  3.06664 -0.78723 2015BD.eff res
  62.821  0.419    8.018     227.0     175.4       0.1     28.8   36.515   36.568    2.185   24.014   8.38  0.00  4   35.580   24.032   8.40 0.80  3.06940  17.1396  3.20902 -1.04136 2015BC.eff res
  63.555  0.477   37.110     236.2     147.2       2.2     30.9   33.214   33.287    2.040   23.466   8.17  0.00  4   32.335   23.472   8.18 0.82  1.77697  28.0991  3.35330 -1.78229 ma12ha.eff res
  63.348  0.447    8.376     107.9     130.4     356.3     26.6   35.049   35.106  358.018   23.364   7.88  0.00  4   34.109   23.405   7.92 0.85 15.46782 -11.5553  3.30788  0.70445 2015AM.eff res
  63.118  0.403    9.208     145.7     109.6     354.6     33.8   37.651   37.934  354.860   24.312   8.45  0.00  4   36.970   24.285   8.43 0.55 16.15954 -11.4603  2.97028  0.72583 2013AO.eff res
  63.280  0.359   12.483     232.5      23.5     353.2     36.6   40.535   41.904  347.063   23.920   7.63  0.49  4   40.932   23.816   7.53 0.65 14.93818 -18.0081  2.64132  0.95261 L4k-smooth res
  63.326  0.385    4.926     343.0      87.5     341.2    139.7   38.939   41.752  342.491   24.094   7.89  0.00  4   40.759   24.119   7.92 0.77  1.75014  14.7866  2.82424 -1.03962 2014BH.eff res
  62.741  0.505   24.390     356.2     340.3      20.5     21.1   31.083   37.864   20.320   24.443   8.59  0.00  4   36.918   24.319   8.46 0.59  1.84955  29.2023  3.21097 -0.87298 ma12ha.eff res
  62.979  0.440   11.038     211.6     239.7     342.3     17.3   35.263   38.317  344.347   23.871   8.03  0.00  4   37.330   23.930   8.09 0.85  3.14957  14.1674  3.10359 -1.02708 2015BD.eff res
  63.450  0.403    8.086     106.5     110.2       4.6     40.9   37.885   38.320    6.330   24.684   8.82  0.00  4   37.321   24.673   8.81 0.60 15.48779 -12.0517  3.07298  0.66034 2015AM.eff res
  62.828  0.404    6.108     160.2     101.3     348.5     33.0   37.459   38.466  350.267   23.689   7.83  0.00  4   37.460   23.793   7.93 0.82 15.72889 -13.4942  3.07291  0.70807 2015AM.eff res
  62.722  0.367    6.056     346.8       4.0      14.0     51.2   39.729   41.684   15.330   24.572   8.37  0.00  4   40.693   24.424   8.22 0.48  1.44892  13.2683  2.80009 -1.07962 2014BH.eff res
  62.890  0.428    8.582     144.6      29.8      22.1     30.7   35.989   42.111   23.858   25.283   9.00  0.00  2   41.117   25.132   8.85 0.05 15.54119 -10.0733  2.84887  0.65338 2015AM.eff res
  63.017  0.379    0.706     243.5     112.4       3.0     49.6   39.146   39.366    4.890   24.396   8.35  0.00  4   38.436   24.385   8.34 0.64  0.47923   3.7574  2.59999 -1.10582 2015BT.eff res
  63.085  0.427    8.528      13.4     144.5      21.9     41.9   36.179   38.790   14.947   24.096   8.13  0.00  1   37.837   23.721   7.76 0.04 13.00760  -7.0661  2.78155  1.05400 L3h-smooth res
  63.441  0.440    3.156      54.2     354.4     346.7     46.4   35.507   37.584  347.310   23.243   7.39  0.00  4   36.681   23.227   7.38 0.82  0.85600   3.2216  2.70840 -1.03611 2013BL.eff res
  63.454  0.437    7.884     216.8     192.4     358.6     34.9   35.717   35.718    0.587   24.410   8.87  0.00  4   34.734   24.424   8.88 0.81  3.27259  16.1045  3.27675 -1.01741 2015BD.eff res
  63.453  0.428   12.340      91.5      82.2      22.2     13.1   36.273   42.507   23.944   23.985   7.67  0.00  4   41.510   24.159   7.84 0.80 15.53517 -11.0240  2.85746  0.55646 2015AM.eff res
  62.661  0.488    2.382     126.5      38.1      10.5     57.7   32.112   34.583   12.189   24.555   9.19  0.00  4   33.581   24.623   9.26 0.59 13.48314  -6.7546  3.25870  1.30404 2015AP.eff res
  62.821  0.388    9.030      63.6     348.8     356.6     43.1   38.430   38.445  358.655   24.159   8.31  0.00  4   37.458   24.117   8.26 0.84  3.17448  15.3609  3.14118 -0.76862 2015BD.eff res
  63.247  0.387   18.853     225.2     131.5      26.7     38.0   38.752   42.703   20.921   24.863   8.58  0.67  1   41.714   24.017   7.73 0.01  2.81964  16.4021  2.80794 -1.07079 L4v-smooth res
  62.882  0.367   12.987     218.6     192.7     351.5     29.0   39.830   40.591  350.610   24.322   8.26  0.00  4   39.597   24.304   8.24 0.70  1.81148  13.3657  2.83579 -1.23841 ma11la.eff res
  63.458  0.448   26.314      55.4     346.9       0.0    128.8   35.058   35.114    2.042   24.257   8.80  0.00  4   34.128   24.319   8.86 0.83  3.17155  14.3824  3.54203 -0.60359 2015BD.eff res
  63.273  0.369    3.902     164.4     319.6      44.3     30.6   39.929   49.750   37.367   23.152   6.12  0.00  4   48.790   23.027   6.00 0.77 13.17102  -5.0431  2.25543  0.91626 L3h-smooth res
  63.096  0.369    2.803     236.5      70.9      26.1     31.1   39.840   45.856   27.994   24.957   8.26  0.00  4   44.914   25.023   8.33 0.72  0.37562   4.8225  2.34665 -0.98420 2015BS.eff res
  62.710  0.516    1.956      45.9     304.1     358.2    170.0   30.346   31.607  352.115   23.406   8.41  0.43  4   30.599   23.079   8.08 0.82 21.65514 -16.1471  3.52286 -1.19125 L4q-smooth res
  63.381  0.408   10.355     202.2     351.8      15.9     39.6   37.507   40.719   17.562   24.506   8.40  0.00  4   39.714   24.634   8.52 0.71 15.72888 -13.5165  2.92356  0.75617 2015AM.eff res
  63.296  0.440    7.855     184.0     135.1      21.3     51.4   35.460   41.084   21.877   23.808   7.58  0.00  4   40.167   23.775   7.55 0.78  0.96013   4.4098  2.52991 -1.10414 2013BL.eff res
  63.120  0.354   12.182     221.9      80.9      45.9     36.1   40.745   53.930   47.235   24.514   7.20  0.00  4   52.936   24.690   7.38 0.54  1.74919  13.7884  2.24219 -0.94277 2014BH.eff res
  63.065  0.406   18.901     223.9     122.8      26.1     26.1   37.456   44.768   28.127   24.667   8.14  0.00  4   43.783   24.789   8.27 0.77  3.26082  15.6907  2.72539 -0.93460 2015BD.eff res
  62.894  0.341    9.665     175.2     102.8     342.4     29.0   41.454   43.594  342.677   24.498   8.04  0.00  2   42.626   24.444   7.99 0.36 16.10019 -11.6235  2.64896  0.69901 2013AO.eff res
  62.693  0.309   21.301      56.4      37.5     335.5     43.6   43.300   46.198  337.580   23.755   7.08  0.00  4   45.217   23.818   7.15 0.84  3.32246  16.3214  2.72673 -0.53968 2015BC.eff res
  62.871  0.430    9.989     207.9     276.3      38.6     42.3   35.840   45.759   31.654   23.011   6.34  0.00  4   44.801   23.482   6.81 0.81 13.04953  -8.5956  2.38121  1.11458 L3h-smooth res
  63.586  0.469   10.610     235.8     202.9     343.6     30.4   33.749   38.071  342.722   23.816   8.00  0.00  4   37.082   23.726   7.91 0.82  1.68593  15.7648  2.99930 -1.31735 ma11la.eff res
  62.674  0.361   26.471     214.1     149.9      13.0     18.4   40.029   41.246   12.160   24.061   7.93  0.00  4   40.252   24.035   7.91 0.79  1.93072  13.2248  2.80787 -1.35473 ma11la.eff res
# Total number of objects:        127432
# Number of detections:          114
# Number of tracked objects:     100
